pushplus_token: 123456abc ## pushplus推送token
refresh_token: 123456abc ## 阿里云网盘刷新token
bilibili_cookie: 123456abc ## B站cookie
jd_cookie: shshshfpa=49c219f1-0c9b-79aa-940e-82a993440828-1644027855; pinId=6ZRWz7ukkCHcVAtfXYmZ9g; shshshfpx=49c219f1-0c9b-79aa-940e-82a993440828-1644027855; __jdu=1689599116313886877607; DeviceSeq=c6641ce38b894d91a3c07432925da418; pin=zlp19900104; _tp=%2BRet4zeyc3Ka2S5U50lwdQ%3D%3D; _pst=zlp19900104; __jdv=76161171|cn.bing.com|-|referral|-|1714905382514; user-key=f15ab96d-6931-4ade-b17a-611ab41d7756; source=PC; platform=pc; lpkLoginType=3; _t=Ec3tzxrMO1/iUn4nRyfHI/zD2oLUFXOTvgJFU89zVEY=; wlfstk_smdl=n2txt79aj3whm3lilo7igo175iuelxy8; TrackID=1X7ylsWKo6p33-JWPwERGxZDXweVtUlyN2lUdc4jwklm-hmYxz7W_avXDClbHdaj0MwhiUwXbjLe3WDEyn7w7LJHkXSSvW4sDYCE0NvMHEZn6ggIQujBb0W7-eJ41mhRG; thor=58996249560794C5535BB16EAB049347DBB89CBB8733B35B4D1D680AF787EF9BB65E07786A48F28A26745FFC64AB97E4E61C2E877043AAFB36BB58598C79AE69264FF2705864A3FD3E70F1F2C8FA298DAFBD06961462E2743573B071935231E0C4D3416F64A21D190CCFD8B5BDFF26EDB0512FEC5F700350DC530CB46099FEA14C6A3B66D821B65E3153EE30B009A481; flash=2_366t1bB8pPenHYT7HsgDswEseKrmcZwIw2BRyS5Y2UkVkYgFXRJrhU7vdiFBSUKq0qqRFsLNfvvIa1Qlx8yYlT8SrLlb2sqicVi-vHxOa1SiWAwKmSQqVZxj7f-hwkad9W7pLrBJRPddUX3tkRBgfpZ3V66cvjBopb3pm7om0V5*; unick=17042h48221d8w; ceshi3.com=201; mlcnMainItp=4429350187da42593695c2a0199232e3; areaId=7; ipLoc-djd=7-482-0-0; __jda=222648329.1689599116313886877607.1689599116.1714905383.1715864642.20; __jdc=222648329; shshshfpb=BApXcW2OJgupANLfh_tyXHibH694ogrnyBwZDf3pX9xJ1MvatIoO2; __jdb=222648329.8.1689599116313886877607|20.1715864642; 3AB9D23F7A4B3CSS=jdd03WOK3ATXH5DOVKDUCKCXYSML6BX36CQ6JCCBPH4QPHQY2N6XJMUOOCRWPDDDC2UW3CG3QXNQNZNPR43HS3ZJGSGXUBUAAAAMPQGBRQVQAAAAACEC3CHCWTZTWL4X; _gia_d=1; cn=40; 3AB9D23F7A4B3C9B=WOK3ATXH5DOVKDUCKCXYSML6BX36CQ6JCCBPH4QPHQY2N6XJMUOOCRWPDDDC2UW3CG3QXNQNZNPR43HS3ZJGSGXUBU
