pushplus_token: 123456abc ## pushplus推送token
refresh_token: 123456abc ## 阿里云网盘刷新token
bilibili_cookie: 123456abc ## B站cookie
jd_cookie: shshshfpa=2c16dfa2-56f6-2369-fe77-60f5c5b0edda-1699865522; shshshfpx=2c16dfa2-56f6-2369-fe77-60f5c5b0edda-1699865522; __jdu=16998655206121989070056; __jdv=76161171|direct|-|none|-|1710320522743; 3AB9D23F7A4B3CSS=jdd03VB5E4VBCHIITYPCIXLFCNKV73MPB7MJPLLEFZRRF2LV2KKFRJN2GI4A37OQEQBRREQZQ7UN6VEVE77MGTDHLLLKISUAAAAMOQKSA2FQAAAAAC7QYV4PBFQAXO4X; _gia_d=1; areaId=7; ipLoc-djd=7-412-0-0; PCSYCityID=CN_410000_410100_0; wlfstk_smdl=3t8su04vfrtlsgejnmdfr40638ztekmi; TrackID=1RHyx6TX1IvjzKYbAxEB00cSzKnPxa-kKENzWvulJAnf_dJ3jWq8kELskPLHz8-0iMyKWSLhDgzhgFJCNMxSqyY3axRWRM8cmx87XIOse0T59BmD30FOoD3Oz8-t3Pcgu; thor=58996249560794C5535BB16EAB049347DBB89CBB8733B35B4D1D680AF787EF9B9540A96AA4FB99EC6417F7C27CC1737E3EAC549FE0A2B46679DF2A7B46922640743340C5E08C1421EB42A17CA2242DA12B22886CA8DDE7EA19C3FDC220BE010EF1A9BA4E3D3B36D695896AEF1B75CD4FB815FE667C4EE78C6FD75BE7C791DC22A68A68893602C3108C0AF0400143B0EA; flash=2_ToMXFovTpg4ixp-4kxTp-eY8-5tTxeW9QhNUPzJ_f6UuCuu0UzsOK93flyiTltQB6Gq73otQN0n_ljqKb2zDBZn3xYE05hC4pnspyXrgQuL*; pinId=6ZRWz7ukkCHcVAtfXYmZ9g; pin=zlp19900104; unick=zlp19900104; ceshi3.com=201; _tp=%2BRet4zeyc3Ka2S5U50lwdQ%3D%3D; _pst=zlp19900104; __jda=222648329.16998655206121989070056.1699865520.1710320523.1711588770.25; __jdc=222648329; source=PC; platform=pc; lpkLoginType=3; shshshfpb=BApXexnmsgetA4HGypLHN3Uy-CYJ-dlwAB9vHUg1Z9xJ1MvNajoO2; __jdb=222648329.4.16998655206121989070056|25.1711588770; cn=45; 3AB9D23F7A4B3C9B=VB5E4VBCHIITYPCIXLFCNKV73MPB7MJPLLEFZRRF2LV2KKFRJN2GI4A37OQEQBRREQZQ7UN6VEVE77MGTDHLLLKISU ##京东cookie
