pushplus_token: 123456abc ## pushplus推送token
refresh_token: 123456abc ## 阿里云网盘刷新token
bilibili_cookie: 123456abc ## B站cookie
jd_cookie: shshshfpa=2c16dfa2-56f6-2369-fe77-60f5c5b0edda-1699865522; shshshfpx=2c16dfa2-56f6-2369-fe77-60f5c5b0edda-1699865522; __jdv=76161171|cn.bing.com|-|referral|-|1713239112411; __jdu=1713239112411163570191; areaId=7; ipLoc-djd=7-412-0-0; PCSYCityID=CN_410000_410100_0; TrackID=1rjeO68SVVwOl1YAgKjoZzDJTK-VdSyBn5otUowinS_Gzn4qo55lCMRgP-jdqzgDiTl_Q1WTNK-ZxWRGF60TBvNWhI3Y_J2CAz23DnRJN7PYgHIRiUhTTFOb_WjGpDq2M; thor=58996249560794C5535BB16EAB049347DBB89CBB8733B35B4D1D680AF787EF9BC51BF67FF564A0B903793AE271FFC090E3BB48F1E0BDFDD6A7EE9B9F319026B65E896446F3607A2FA7073E7028C978FE47482E81D21D9AAFB6CA3C87214CFBEDC5FAED8E98798F0C72DC2C6091E045A29738EA31C6439ED12973CDAD3C16C6F282AD707B81A30B6B09E090821A54C258; flash=2_vI5Y0p9Qzba2_jDx_K0Ad-Im6_Hfum9IrMtssS8Y9KLWn2P6ZFVbiBtxe_OQlG5yPl5C3pPUG4Z0bGPtnhrVE0g4DMGBLg06aLdw1Nmnlbh*; pinId=6ZRWz7ukkCHcVAtfXYmZ9g; pin=zlp19900104; unick=zlp19900104; ceshi3.com=201; _tp=%2BRet4zeyc3Ka2S5U50lwdQ%3D%3D; _pst=zlp19900104; 3AB9D23F7A4B3CSS=jdd03QAX4OSRGAUH6UK452GAGHQEDDZT7DKZBECZSBVQVS7IK77MVO6IYF2DLSEFCXAEIUCD2Y76XMFPN36ACT6GKAWEV5YAAAAMO4UCRQBQAAAAADD64Z5BU5RD5CQX; _gia_d=1; __jda=222648329.1713239112411163570191.1713239112.1713239112.1713239112.1; __jdc=222648329; shshshfpb=BApXci64N5utA4HGypLHN3Uy-CYJ-dlwAB9vHUg1o9xJ1MvDPAIC2; source=PC; platform=pc; lpkLoginType=3; __jdb=222648329.5.1713239112411163570191|1.1713239112; cn=44; 3AB9D23F7A4B3C9B=QAX4OSRGAUH6UK452GAGHQEDDZT7DKZBECZSBVQVS7IK77MVO6IYF2DLSEFCXAEIUCD2Y76XMFPN36ACT6GKAWEV5Y ## 京东cookie