pushplus_token: 123456abc ## pushplus推送token
refresh_token: 123456abc ## 阿里云网盘刷新token
bilibili_cookie: 123456abc ## B站cookie
jd_cookie: shshshfpa=49c219f1-0c9b-79aa-940e-82a993440828-1644027855; pinId=6ZRWz7ukkCHcVAtfXYmZ9g; shshshfpx=49c219f1-0c9b-79aa-940e-82a993440828-1644027855; __jdu=1689599116313886877607; unpl=JF8EALFnNSttWRxdBUkDGhRDTlRWWwpfGUcAbWcBUFRRQlRVSwodExR7XlVdWBRKEh9vYBRUVVNLXA4bCisSEXteU11bD00VB2xXXAQDGhUQR09SWEBJJVlQXl4ITxUBbWQ1ZF5Ye1QEKwIcGxhPVVxeXQ9JFwFmbgJdW15MVQMrAysVIHttXV9VAUwTM25XBGQfDBdRARICGBRdS1pdVlkAQxcDaGUFVlRRTF0DHQUaFCBKbVc; pin=zlp19900104; unick=zlp19900104; _tp=%2BRet4zeyc3Ka2S5U50lwdQ%3D%3D; _pst=zlp19900104; __jdv=76161171|cn.bing.com|-|referral|-|1714905382514; 3AB9D23F7A4B3CSS=jdd03WOK3ATXH5DOVKDUCKCXYSML6BX36CQ6JCCBPH4QPHQY2N6XJMUOOCRWPDDDC2UW3CG3QXNQNZNPR43HS3ZJGSGXUBUAAAAMPJBJXJHQAAAAACQMKOBC2EICCT4X; _gia_d=1; areaId=7; ipLoc-djd=7-412-0-0; PCSYCityID=CN_410000_410100_0; TrackID=1ur93CtGLaatRlf7qg-3Fu-zgSPNNVY64R7mrRLc3HvYQorVY4Mtdsz5zwtVFPDCRY7zXtqNwPjZu1dRPkZD1iPk0lW2MJI_0J5ZDtzPj5sB1wufNqlGr57kUal9YzNvO; thor=58996249560794C5535BB16EAB049347DBB89CBB8733B35B4D1D680AF787EF9BA3B0024A08F0A358D51AEBC499AF318CBC0A3BC0EDC28486E25FFFBD7BABE6330265FE9EDB3A2754B120BFC726A8DE3CB494190CC384FE8068FA09F6C65843AD1266DEEA9931C50B3B2D4BA7C2919C4B7581C30A2E0CC3B801362E3B7BDDF324F0E7F0F4718A1C3678208BDB3732ECB5; flash=2_4F9SNUQwug5oVQtOnLTjm8RIGsAyalHmZoJlPbmTOU53DKhuVXbV7o9mnzZLB1mofV8LFv02U6ZqVCWgunAehHWVOpt0MreGBLvXcZGdjVLYL-EIVOg33Cy2Oq-Xd0D1azGdwAX7qREG5ASJrt3TWPRoTlhICb8h4MQZFHokC4o*; ceshi3.com=201; __jda=222648329.1689599116313886877607.1689599116.1713266360.1714905383.19; __jdc=222648329; shshshfpb=BApXcBXRbS-pANLfh_tyXHibH694ogrnyBwZDf3pX9xJ1MvatIoO2; source=PC; platform=pc; lpkLoginType=3; __jdb=222648329.5.1689599116313886877607|19.1714905383; cn=40; 3AB9D23F7A4B3C9B=WOK3ATXH5DOVKDUCKCXYSML6BX36CQ6JCCBPH4QPHQY2N6XJMUOOCRWPDDDC2UW3CG3QXNQNZNPR43HS3ZJGSGXUBU
