pushplus_token: 123456abc ## pushplus推送token
refresh_token: 123456abc ## 阿里云网盘刷新token
bilibili_cookie: 123456abc ## B站cookie
jd_cookie: shshshfpa=49c219f1-0c9b-79aa-940e-82a993440828-1644027855; pinId=6ZRWz7ukkCHcVAtfXYmZ9g; shshshfpx=49c219f1-0c9b-79aa-940e-82a993440828-1644027855; __jdu=1689599116313886877607; unpl=JF8EALFnNSttWRxdBUkDGhRDTlRWWwpfGUcAbWcBUFRRQlRVSwodExR7XlVdWBRKEh9vYBRUVVNLXA4bCisSEXteU11bD00VB2xXXAQDGhUQR09SWEBJJVlQXl4ITxUBbWQ1ZF5Ye1QEKwIcGxhPVVxeXQ9JFwFmbgJdW15MVQMrAysVIHttXV9VAUwTM25XBGQfDBdRARICGBRdS1pdVlkAQxcDaGUFVlRRTF0DHQUaFCBKbVc; 3AB9D23F7A4B3CSS=jdd03WOK3ATXH5DOVKDUCKCXYSML6BX36CQ6JCCBPH4QPHQY2N6XJMUOOCRWPDDDC2UW3CG3QXNQNZNPR43HS3ZJGSGXUBUAAAAMO42RAB2QAAAAADXWUWT75LR5USQX; _gia_d=1; areaId=7; ipLoc-djd=7-412-0-0; PCSYCityID=CN_410000_410100_0; TrackID=1D_ULuiWqhxt9jlJmQ-NbdVvbbRptYPcO7LCt_E6TjmEpmVNmJgiWv3KlLuaKrv7eTsZ-64EVZJRMl6qiptgVT0gGcZT4z9U5rFH0qjmvximDbj31wZQlXYyzcTL7oThX; thor=58996249560794C5535BB16EAB049347DBB89CBB8733B35B4D1D680AF787EF9B5B63E07CBB7F7E94681DBE0CB45038C64D2935873F46CD7103318704F860DFE77F278379BD01DA7E84C71B2CC3FE20E93E781000C0EAFFD09A2B03E2F8AA4693F49785582D110FFA75709D8194A03B0C63C4F3C1953779924958EED72138BF994254743C5E2F9E559C072EFD37D19673; flash=2_2O7GOsOl9_5wK_VEOSKSM0-9Us-jeL4miggF2JxLUXjW_Y2DMAxRUnZvej5LQGIoP7sRN2QtveMGyOR5OzMhDtoengRRqmcJGOkfw09ZtiP*; pin=zlp19900104; unick=zlp19900104; ceshi3.com=201; _tp=%2BRet4zeyc3Ka2S5U50lwdQ%3D%3D; _pst=zlp19900104; __jdv=76161171|haosou-search|t_262767352_haosousearch|cpc|5512153332_0_0f81c007b4834ffca231558881aa9705|1713266391361; __jda=222648329.1689599116313886877607.1689599116.1711199419.1713266360.18; __jdc=222648329; shshshfpb=BApXc4gCq5etANLfh_tyXHibH694ogrnyBwZDf3pX9xJ1MvatIoO2; source=PC; platform=pc; lpkLoginType=3; __jdb=222648329.5.1689599116313886877607|18.1713266360; cn=44; 3AB9D23F7A4B3C9B=WOK3ATXH5DOVKDUCKCXYSML6BX36CQ6JCCBPH4QPHQY2N6XJMUOOCRWPDDDC2UW3CG3QXNQNZNPR43HS3ZJGSGXUBU ## 京东cookie
